143
582
376
115
465
79
29
86
158
222
86
176
129
172
29
103
215
70
102
380
179
153
108
72
107
12
201
122
11
41
154
73
136
220
86
498
8
93
72
58
186
93
123
1109
143
33
86
209
229
186
385
771
186
101
122
108
496
186
72
108
484
8
79
43
143
216
75
158
154
186
124
770
505
65
79
328
93
115
115
182
108
156
365
15
151
83
301
86
501
8
172
375
1113
27
143
210
251
256
227
43
767
117
81
115
263
179
151
83
86
1036
29
8
41
151
136
218
65
466
73
122
680
233
377
108
29
72
267
151
8
143
72
413
177
793
853
59
72
186
229
43
72
136
129
93
193
96
556
254
201
84
29
79
232
21
15
272
43
79
29
15
215
208
236
136
22
365
370
158
79
97
84
231
51
91
1148
79
43
301
28
36
136
29
126
679
400
68
129
151
172
163
70
236
222
15
79
95
198
72
8
154
677
18
487
72
187
491
108
121
136
79
99
172
151
90
612
279
229
121
143
258
720
203
115
240
328
81
108
8
53
122
162
8
276
222
334
136
33
92
121
71
328
28
402
259
139
131
33
29
162
158
222
111
86
126
201
69
767
367
68
158
99
8
1130
179
579
65
15
158
76
254
65
186
304
482
102
162
93
11
201
337
205
428
222
115
43
129
43
29
122
230
108
79
122
73
158
243
277
151
121
65
177
222
143
222
154
179
510
151
29
122
466
193
89
124
43
105
240
129
58
229
172
143
72
72
58
246
217
51
72
8
1013
109
158
79
60
308
22
72
72
99
143
158
186
172
101
328
72
236
122
108
129
1153
15
65
475
236
176
588
478
1106
159
8
306
83
28
457
268
1159
108
151
236
115
193
222
208
108
616
15
253
178
610
43
79
222
33
172
8
329
86
617
244
713
280
62
108
92
127
100
293
86
205
79
97
126
172
220
108
368
179
222
84
63
222
97
222
265
244
26
158
8
79
105
624
136
136
79
105
125
138
164
51
326
246
23
29
239
43
93
172
185
8
172
54
79
251
35
12
258
215
44
177
183
338
70
613
664
531
52
72
8
228
215
180
164
132
43
13
129
1158
93
115
79
129
222
118
388
230
68
211
79
68
68
330
79
115
136
294
79
151
537
7
37
245
95
79
254
79
251
99
215
201
183
165
72
1145
104
29
168
129
197
58
244
162
53
78
609
403
55
1005
143
72
62
90
186
111
79
394
351
115
22
1027
577
237
88
158
72
183
652
214
145
90
111
79
15
133
208
473
129
1031
93
1006
11
136
108
338
346
306
479
1221
775
230
631
146
8
161
633
1058
1028
7
208
169
79
35
165
149
43
286
335
97
30
346
15
413
753
93
79
161
265
79
443
256
633
172
29
160
165
553
111
201
10
792
265
323
65
86
631
528
173
43
304
35
899
54
179
46
143
79
400
734
729
528
165
65
122
143
101
1059
58
243
463
165
8
259
230
301
699
115
43
186
831
479
243
211
136
898
65
24
272
79
15
95
136
126
1031
629
129
229
193
72
29
231
1052
93
254
196
41
172
389
108
572
261
115
65
29
517
65
186
287
552
343
831
79
243
72
99
93
550
259
58
810
11
172
570
158
1128
43
15
24
170
674
43
554
108
243
838
83
167
65
1099
92
172
970
208
190
41
684
336
15
143
1162
739
668
22
322
172
1200
751
674
106
717
151
236
201
750
129
115
228
40
79
72
881
417
172
938
529
349
93
607
161
803
400
22
202
129
79
310
190
235
72
686
301
208
350
265
154
502
101
268
111
11
716
500
185
122
553
674
786
22
918
109
72
51
143
942
176
8
179
1035
1151
388
304
12
11
72
1003
108
114
101
925
326
165
165
72
172
1187
231
111
93
72
72
186
479
646
22
920
72
90
22
43
143
86
916
143
758
916
79
378
79
65
79
759
830
1190
147
760
710
101
158
464
151
243
829
1220
161
72
86
692
165
152
72
108
83
125
114
109
97
36
72
415
691
72
178
1189
690
112
87
79
154
29
290
211
36
129
172
705
108
8
115
185
72
72
104
129
695
72
1182
122
51
459
8
215
172
8
22
15
474
173
1638
801
303
190
193
490
494
626
945
1229
499
329
36
51
234
240
151
79
94
227
83
83
15
345
54
394
213
115
68
366
118
122
115
254
158
304
770
249
43
1191
126
592
262
179
458
43
174
226
1190
165
47
1691
167
83
29
43
72
93
43
340
351
135
377
351
287
1636
72
323
380
252
60
64
118
8
83
374
8
1614
145
222
136
303
379
65
43
454
536
129
72
193
726
79
388
165
1185
707
133
65
230
86
15
786
173
