224
1279
15
66
931
237
172
1092
632
1197
252
8
1148
83
29
1698
276
1245
108
156
335
145
207
229
208
110
1341
15
259
251
1287
43
83
525
33
172
8
486
86
1393
264
864
344
71
108
383
215
101
293
180
997
80
97
126
181
309
108
447
211
318
173
67
222
97
232
275
552
42
163
8
97
441
868
136
136
80
346
141
303
141
51
623
247
24
29
237
43
103
176
188
8
172
54
79
538
38
12
260
301
50
473
190
621
45
1047
1440
989
68
72
8
225
215
224
119
129
43
13
129
1437
113
115
79
129
222
410
505
233
68
195
79
70
72
622
122
127
136
388
99
154
1041
11
36
270
124
79
256
79
255
100
217
201
215
165
82
1490
135
29
1127
129
636
58
280
710
58
78
816
711
60
1054
534
72
67
186
186
206
79
163
608
140
22
1197
1094
272
86
530
72
183
1466
647
517
98
111
108
15
158
228
215
132
1215
97
1309
11
136
108
628
628
518
751
1535
1478
241
332
161
8
169
350
1487
1336
7
305
541
107
36
165
246
43
639
546
118
29
673
17
550
1050
93
79
161
1389
83
161
300
874
357
29
171
967
1176
111
202
9
958
177
362
65
86
222
772
187
43
1134
45
1215
54
182
46
143
81
781
381
1125
1381
169
65
122
143
103
1483
58
373
1457
213
8
408
117
344
1281
538
43
208
984
578
439
880
232
1331
65
22
376
83
15
99
570
126
1345
892
129
983
193
72
29
240
1347
86
871
186
44
172
787
124
624
816
140
65
29
837
65
192
1148
712
1047
1033
79
243
84
561
101
1288
704
58
1008
11
461
846
158
1481
43
16
27
172
862
43
731
108
243
992
79
172
65
1517
564
247
1608
208
190
41
1163
592
15
1123
1406
916
847
22
400
485
1380
1205
968
162
887
156
982
279
1206
614
136
1173
40
79
72
160
845
184
1569
657
411
101
201
161
1228
605
26
286
1576
79
344
1674
705
72
955
614
208
445
1377
151
963
17
1381
186
11
883
715
1706
122
672
778
958
29
1109
135
72
51
600
184
158
8
179
1369
1443
605
720
16
11
72
240
108
122
101
1021
484
165
630
76
172
1352
254
111
93
72
72
186
990
980
22
1177
72
513
22
43
143
86
1170
143
938
1151
83
442
79
65
79
983
1102
1058
834
1337
868
101
108
667
151
915
1112
1461
167
76
88
973
268
246
90
108
83
419
127
108
79
36
72
640
1024
77
343
1084
863
90
86
85
154
29
607
1066
36
129
79
1038
108
8
115
202
72
72
596
133
885
79
1433
79
51
1097
8
647
313
8
22
15
1130
79
1570
1093
1198
190
193
749
792
1527
1183
1586
119
792
36
51
729
899
151
79
1115
376
83
83
29
609
54
646
198
665
68
429
545
122
119
426
160
1692
1445
795
43
1438
1288
1402
1035
248
1116
43
180
229
1441
177
39
1696
170
1097
29
43
72
118
43
155
1207
662
1461
1224
1200
1765
72
1194
144
650
72
62
558
8
1122
56
8
1620
679
796
136
709
1531
65
43
1118
1494
129
72
287
1488
79
1451
165
1451
1451
1430
91
221
88
15
1135
1171
1141
122
93
1008
767
115
661
36
1412
502
711
56
29
160
1823
12
26
72
169
165
713
248
155
58
221
51
823
29
1471
229
115
1065
29
28
214
161
1468
1447
151
93
83
224
1497
501
704
58
692
1476
231
494
86
165
72
65
232
78
201
1071
1210
1218
399
93
319
1500
43
119
101
129
115
1502
1324
1199
233
143
193
1572
65
1361
201
1539
478
1221
90
228
108
115
72
158
111
108
1231
1584
65
83
367
79
1472
66
1126
154
101
709
43
111
58
1128
8
58
9
1174
1233
124
1472
153
106
1220
1522
292
189
1195
97
254
189
43
72
90
195
1305
797
58
704
1473
72
988
72
1211
51
1118
11
675
43
1260
172
72
159
126
1568
190
66
51
191
1265
195
1206
67
51
720
22
29
301
158
43
588
411
114
151
134
43
415
51
201
122
1215
1223
1573
305
1228
11
126
224
194
70
129
8
8
1021
331
29
101
197
218
86
468
730
1687
72
1044
29
749
1124
1920
1354
108
691
70
163
72
7
224
1987
824
776
130
1163
111
81
133
120
146
15
945
100
8
151
203
33
900
201
13
1305
441
108
90
104
732
763
764
391
778
229
315
202
51
151
179
10
1229
218
795
73
158
556
183
1515
712
1305
90
1536
584
771
79
169
108
29
36
115
395
748
111
8
47
242
1311
239
344
137
217
196
101
86
1125
151
733
58
256
83
66
72
1217
272
335
507
1190
86
868
147
295
38
796
1290
54
213
151
72
785
1731
775
1687
789
1337
488
637
1160
184
265
1778
900
1471
111
79
101
790
8
81
154
151
1731
1812
35
201
1129
318
68
6
1856
1751
29
594
1431
537
415
114
86
308
346
899
606
36
8
79
805
72
72
1755
602
266
1130
251
93
474
1788
193
115
162
111
1734
806
405
226
1743
175
262
97
126
15
175
497
1568
392
22
15
154
207
204
1318
729
864
8
227
908
476
66
1732
1285
814
282
165
585
821
631
97
8
225
832
108
86
70
39
65
1042
1788
1618
54
22
65
49
122
158
1217
45
58
165
143
193
33
1079
81
852
1440
882
90
360
72
860
130
136
396
1320
68
158
272
321
600
210
8
1514
1860
1327
1706
976
333
6
93
111
193
90
169
115
1134
72
784
409
104
40
1046
908
110
137
22
1715
557
108
396
431
101
81
533
43
224
974
144
160
233
1111
65
874
280
29
97
594
83
337
1461
29
1238
77
88
876
184
58
158
81
473
1826
1140
132
143
72
1450
977
865
232
1004
837
312
101
684
1257
312
286
1160
35
111
494
1902
613
90
122
75
147
882
111
93
885
1089
980
133
1379
676
43
1427
362
1692
846
903
853
1250
72
610
143
1784
1813
877
1001
201
297
1087
163
1338
506
250
903
172
249
1586
168
15
58
187
619
1698
913
1721
8
914
805
353
97
158
201
58
115
86
1090
179
1127
1229
1786
1503
230
93
126
101
937
113
158
937
1842
36
58
1252
40
1576
97
62
174
1095
134
280
571
286
15
193
181
86
240
253
1822
1800
79
115
158
355
48
20
1243
403
114
431
979
61
158
1837
58
1915
469
226
740
8
1494
298
143
1409
479
91
104
695
1202
1089
1187
1202
29
1709
36
617
136
211
83
286
148
1443
51
111
41
22
137
136
282
93
1846
511
534
656
745
1826
1124
310
27
507
1600
242
79
108
1856
201
414
1863
949
158
108
1766
1818
151
1985
1279
126
195
295
43
110
43
494
1947
920
90
2214
135
2135
742
1901
1633
680
243
559
69
162
36
225
90
15
1220
263
2244
33
106
99
472
2217
237
1235
165
1762
191
172
143
165
1696
1792
179
29
155
108
1200
1794
533
116
72
1790
1185
86
236
11
796
1516
230
83
500
845
301
557
1452
91
72
492
645
1535
1516
348
72
619
235
1143
8
24
1051
1218
121
430
551
1603
79
65
86
72
72
1283
208
72
1224
1293
966
51
1290
201
1423
534
1401
286
81
116
1182
965
218
1393
1327
1398
29
209
108
206
1868
208
296
184
88
131
199
175
11
129
1128
77
101
77
136
319
22
1606
29
365
1222
625
314
117
1531
8
45
25
158
1663
396
101
287
43
1045
1201
179
421
129
1864
676
79
111
168
1691
68
197
9
603
721
351
1621
185
127
498
1161
697
1991
506
24
1887
1895
258
79
83
1470
200
1308
8
109
202
728
730
193
255
191
1152
119
265
24
1628
496
75
1011
186
286
1173
240
832
1002
287
1134
40
185
91
1694
39
1874
1208
136
133
157
1644
1562
243
79
1266
821
621
201
752
906
222
2268
1288
83
1564
43
143
531
1026
108
546
1585
154
154
1468
185
207
29
191
186
163
27
1535
669
67
937
143
15
789
36
247
108
1888
301
1001
215
863
1469
574
191
93
2126
101
315
40
79
182
208
1271
178
187
51
295
1505
151
1036
84
111
124
1805
1915
51
193
132
201
158
327
215
283
40
127
243
153
1584
1526
1367
1204
1784
1044
80
367
84
1790
86
870
147
2241
1095
13
1045
404
86
151
1211
1212
529
1690
194
252
190
43
1270
143
51
1640
115
143
86
8
694
920
72
831
554
65
222
1743
1662
96
34
1639
1297
226
1254
336
1007
86
36
