193
115
81
115
298
253
155
83
86
1022
29
8
41
147
136
236
65
230
90
122
678
115
380
108
29
72
211
151
8
143
72
775
101
765
765
58
72
188
229
43
72
136
129
93
128
96
798
249
208
81
29
79
238
21
15
272
43
79
29
15
215
208
305
136
22
559
563
158
79
97
83
229
51
33
1064
86
43
301
28
35
136
29
123
698
172
68
129
151
167
160
87
236
222
15
88
93
218
77
8
154
740
15
446
72
186
463
108
121
136
85
101
172
151
90
798
306
236
121
143
260
696
255
115
237
703
85
108
8
55
122
159
8
287
222
610
136
33
92
121
76
328
29
391
271
262
224
37
29
158
156
222
111
86
329
201
73
748
391
68
158
99
8
877
179
783
70
15
158
67
608
65
186
304
503
101
183
93
11
201
362
203
611
238
115
43
129
43
29
122
645
108
83
197
74
158
243
363
151
134
65
170
303
143
233
154
179
712
151
29
122
692
195
86
122
43
101
247
130
60
231
172
143
72
72
58
301
210
51
72
8
977
111
158
79
56
301
23
72
72
99
143
158
186
172
101
398
72
236
122
108
129
900
15
65
696
236
173
718
462
1088
157
8
314
83
29
706
262
907
108
153
237
148
197
222
208
108
763
15
259
184
717
43
79
246
33
172
8
403
86
726
246
704
283
65
108
93
123
105
293
86
225
85
97
126
173
220
108
552
180
223
154
61
222
97
222
268
342
26
159
8
79
110
705
136
136
79
239
116
149
125
51
333
247
23
29
241
43
93
174
182
8
139
54
79
164
35
12
208
212
46
90
185
335
61
899
777
710
51
72
8
222
215
177
134
126
43
10
129
999
105
115
79
129
222
127
387
230
68
196
79
68
70
335
79
118
136
212
83
151
701
6
36
251
284
79
261
79
251
100
215
201
192
165
72
1197
115
29
180
129
222
58
237
271
52
78
653
406
53
956
149
72
62
92
186
125
80
157
608
118
22
1195
759
550
86
158
72
183
741
256
143
93
111
96
15
128
212
215
129
1195
93
959
11
136
108
355
372
323
465
1048
731
233
254
142
8
310
272
1198
962
8
208
164
80
35
165
149
43
288
372
97
30
604
15
443
888
93
79
161
476
82
160
261
744
313
29
85
186
624
111
201
9
502
182
968
65
86
156
228
176
43
310
35
888
54
179
45
143
79
477
304
803
499
165
65
122
143
101
1081
58
261
696
172
8
698
126
310
935
127
43
961
814
154
243
437
139
914
65
23
274
79
15
95
148
126
971
612
129
251
193
72
29
92
824
86
281
190
40
172
463
122
1267
265
118
65
29
551
65
196
172
536
806
818
79
243
77
115
108
541
282
58
883
11
172
557
158
1187
43
16
23
174
664
43
551
109
243
480
80
166
65
1208
102
175
1005
208
190
41
800
334
15
147
999
738
685
22
340
172
948
839
656
110
700
152
281
221
910
141
117
307
40
79
72
902
461
172
241
535
412
93
606
161
912
415
27
203
141
79
344
271
243
72
699
213
208
419
421
151
813
335
491
111
11
736
516
421
122
554
661
809
24
908
108
72
51
193
1051
165
8
179
958
999
402
286
12
11
72
1102
108
117
101
1027
339
165
165
72
172
967
269
111
93
72
72
186
842
633
22
909
72
98
22
43
143
86
906
143
698
912
79
443
79
65
79
690
830
986
149
869
715
101
158
495
151
243
898
913
161
72
86
684
185
1023
72
108
83
142
114
108
86
36
72
446
683
72
196
984
698
93
86
83
154
29
299
301
36
129
86
711
108
8
115
1042
72
72
109
129
711
72
979
106
51
500
8
217
175
8
22
15
680
122
1193
899
1252
190
193
425
425
818
968
1009
111
290
36
51
234
779
152
79
144
240
83
83
16
255
54
350
1204
167
73
487
122
122
115
264
158
1253
827
258
43
815
993
732
366
204
740
43
172
226
972
170
31
1253
165
83
29
43
72
93
43
153
968
149
864
970
373
1036
72
755
457
184
62
76
127
8
83
462
8
1174
145
912
136
301
831
65
43
758
803
129
72
195
1027
79
988
172
991
906
136
65
1106
86
15
760
1028
763
145
93
315
342
1108
73
36
994
188
157
49
29
158
456
12
22
72
158
165
826
193
118
58
529
51
172
29
740
924
115
750
51
21
522
161
1003
1049
151
93
72
216
1048
492
213
58
421
784
208
183
86
152
72
65
183
78
201
183
384
439
248
93
260
936
43
165
97
122
116
935
163
247
208
143
193
958
65
834
202
924
474
287
92
195
108
115
72
158
111
108
261
1047
65
77
212
79
475
65
843
154
363
126
43
111
58
200
8
58
8
208
412
115
373
143
109
991
523
152
492
203
176
152
492
43
72
99
192
591
221
58
190
498
72
222
72
884
51
278
11
142
43
529
172
72
67
129
967
172
53
26
990
854
192
249
65
123
279
22
29
301
158
43
1019
117
183
151
108
43
413
51
124
122
216
336
1234
302
501
11
133
1187
95
66
129
8
8
197
282
29
415
187
188
1157
1048
169
1241
65
350
29
1035
296
597
834
108
133
53
172
72
21
215
1088
210
280
124
763
116
83
126
144
915
15
101
1047
8
151
195
33
252
201
12
536
459
108
72
101
86
138
461
393
383
229
250
190
17
151
179
8
1038
218
1040
55
158
1066
183
650
92
883
90
1050
174
140
79
116
108
29
36
115
138
117
111
8
43
220
261
65
377
129
211
154
101
90
140
151
120
58
71
101
65
72
797
272
302
222
960
88
258
183
224
67
387
885
