222
111
86
310
201
72
821
496
68
158
99
8
244
196
1177
67
15
161
65
1097
91
186
296
489
102
181
93
11
201
394
201
417
308
115
43
129
43
29
125
750
114
79
606
73
158
243
553
151
143
65
291
238
143
385
154
179
1244
151
29
116
761
297
86
125
43
110
391
136
66
236
177
156
72
72
58
299
210
51
72
8
1300
109
158
79
55
305
22
72
72
99
143
158
188
172
101
401
72
245
122
108
147
1249
15
66
766
236
172
1249
586
1059
177
8
333
83
32
1073
362
1271
108
153
251
225
202
224
208
113
1320
15
256
184
1264
43
79
382
33
172
8
434
86
1269
256
828
324
72
109
128
140
114
293
93
491
83
97
126
176
233
108
446
228
240
120
63
222
97
226
264
444
30
163
8
86
150
769
136
136
79
315
122
162
486
51
486
252
26
29
246
43
93
176
185
8
222
54
79
516
43
12
259
217
46
444
188
485
49
944
1393
841
55
72
8
224
215
182
124
129
43
9
129
1365
113
115
79
129
222
172
469
233
68
201
79
68
70
498
86
127
136
337
85
151
864
6
36
268
162
79
254
79
251
101
215
202
200
165
74
1347
112
29
1154
129
268
58
472
259
52
78
683
515
53
1056
173
72
68
101
186
143
79
538
595
127
22
1118
911
559
86
201
72
183
1337
232
237
96
111
104
15
174
216
216
134
1120
95
1008
11
136
108
501
501
442
622
666
1062
235
337
200
8
358
732
1342
982
8
215
280
86
41
165
155
43
557
456
109
29
643
15
465
1040
93
79
161
719
83
541
275
770
438
29
95
330
647
111
201
9
889
190
394
65
86
222
223
184
43
464
35
1038
54
179
47
143
79
527
383
1000
1315
166
65
122
143
101
1187
58
268
788
196
8
283
480
344
1058
152
43
1262
903
549
286
453
230
1186
65
22
300
81
15
93
199
126
1230
720
129
562
193
72
29
108
1108
86
612
186
41
172
667
122
1505
303
127
65
29
818
65
193
206
697
1075
965
79
243
84
417
93
692
558
58
880
11
294
817
158
1183
43
15
26
289
826
43
704
108
243
518
81
170
65
548
200
196
233
208
190
44
1029
447
15
1142
1296
790
719
22
346
244
1126
1156
789
131
776
151
714
224
1158
167
127
388
40
79
72
343
711
173
1201
633
502
97
710
161
1177
463
22
203
377
79
377
507
563
72
799
469
208
524
1190
151
951
101
1210
111
11
740
573
1303
122
646
759
864
27
1028
108
72
51
973
179
158
9
179
1076
1292
462
579
15
11
72
1405
108
113
101
1327
363
165
497
72
172
1255
344
111
93
72
72
186
815
838
22
1055
72
219
22
43
143
86
1048
143
939
1332
79
599
79
65
79
972
868
1265
847
1211
855
101
425
924
152
342
931
1269
164
76
88
956
189
177
72
108
83
251
124
108
85
42
72
493
1077
77
205
1236
869
88
86
83
154
29
415
226
36
129
84
1133
108
8
115
1420
72
72
119
130
873
74
1255
85
51
940
8
227
269
8
22
15
953
85
1422
889
1549
190
193
606
632
986
1039
1360
121
632
36
51
633
877
151
79
969
263
83
83
19
971
54
1097
1498
301
68
561
539
122
115
322
158
1547
1329
633
43
1318
1098
1161
920
246
998
43
183
1010
1317
167
33
1548
165
1069
29
43
72
119
43
112
1137
154
1333
1154
447
1496
72
906
462
488
66
74
537
8
1115
74
8
1486
518
1263
136
548
1104
65
43
1041
1221
129
72
201
1387
79
1361
169
1361
1363
140
65
1475
86
15
1066
1156
1072
124
93
1267
443
1503
90
36
1121
451
547
67
29
158
1554
15
22
72
158
1572
1156
209
140
58
1530
51
818
29
1174
1601
115
1223
47
67
1613
161
1471
1161
151
1610
70
233
1502
506
540
58
528
1362
208
486
86
172
72
65
221
78
201
1260
451
935
304
93
285
1471
43
165
89
122
117
1471
1106
251
233
147
193
1499
71
1029
206
1465
486
306
90
212
108
106
72
158
111
108
280
970
65
174
229
79
1046
66
1250
154
186
549
43
111
58
236
8
58
9
270
1097
115
908
143
94
555
1270
168
209
185
904
177
896
43
72
94
195
1259
637
58
541
486
72
222
72
1153
51
345
11
513
43
1095
172
72
100
127
1455
172
59
51
1468
1105
192
509
66
1157
557
22
29
301
158
43
1499
197
162
152
113
43
426
51
153
122
271
326
633
305
497
11
130
231
189
66
129
8
8
590
305
29
944
184
214
86
1169
571
940
65
493
29
1173
326
691
1314
108
520
58
166
72
14
215
1210
233
613
122
1312
113
80
126
121
392
15
359
1466
8
151
174
33
348
201
10
736
586
108
72
101
1695
598
599
544
614
229
281
190
26
151
179
10
1200
218
1219
62
158
1374
183
1342
118
1130
90
1230
1021
598
79
395
1029
29
36
115
190
573
111
8
47
229
336
65
444
132
1056
151
101
86
538
151
408
58
146
83
65
72
548
272
316
435
990
86
578
159
706
184
629
1104
54
213
151
72
1225
1134
605
1136
1244
561
1383
570
1031
180
253
1382
347
261
108
79
101
623
8
62
154
76
1141
1422
35
211
991
296
82
17
1208
1473
29
505
1033
1474
567
135
86
233
217
724
241
36
8
79
1175
72
72
1353
508
230
994
251
93
499
545
193
115
159
79
1421
624
472
193
990
99
254
104
111
15
86
623
627
316
20
15
154
201
542
1127
735
870
8
199
736
434
561
623
593
632
260
165
566
632
563
97
8
201
651
109
86
55
26
65
1036
1121
675
54
22
65
26
118
108
554
79
45
165
143
193
33
222
79
592
1045
657
87
330
70
616
122
136
382
611
49
159
256
203
208
193
81
559
1201
1138
1598
773
305
6
93
111
193
101
151
115
1002
72
516
560
94
40
668
387
110
93
24
1146
700
108
1332
361
101
79
228
43
229
729
101
173
233
570
65
691
122
29
97
551
83
243
1205
29
479
72
79
565
164
58
158
11
169
1230
1014
124
143
72
1074
798
686
217
774
664
266
63
1291
356
203
261
183
448
110
494
1142
527
88
122
72
127
561
111
101
714
714
811
131
1280
416
43
560
345
1478
670
721
671
564
72
744
129
1073
247
322
827
151
271
730
161
1107
461
229
730
172
196
1367
165
16
58
122
533
1246
733
1366
8
698
199
229
99
158
201
58
116
86
1067
179
652
828
1034
1229
222
93
77
101
661
65
158
661
741
36
58
746
40
764
79
45
154
222
108
293
569
798
15
193
194
86
219
243
1254
1372
79
115
158
323
24
15
1062
889
61
1123
723
64
154
1349
58
1502
292
226
720
8
1217
427
143
798
436
101
88
1036
782
811
1336
1020
29
885
36
228
136
197
83
801
59
1097
51
101
22
22
133
45
897
86
1413
1186
215
535
1061
1287
953
285
110
386
1244
271
79
108
1405
203
559
1406
751
158
108
985
1093
152
1565
1600
92
226
267
43
107
43
835
1378
723
72
1397
122
1324
717
1711
1290
788
160
681
65
158
36
315
86
15
1082
202
1377
38
82
84
673
1396
237
863
151
1264
780
172
143
759
759
759
179
29
151
84
1327
1293
403
127
72
1716
1076
86
