1090
265
527
65
86
1088
1052
195
43
1575
110
1332
54
185
51
153
79
887
1514
1349
2658
208
65
134
143
101
1626
58
1357
2520
497
8
315
1114
324
1434
587
43
215
1142
742
1806
1028
314
1369
65
23
608
84
17
93
608
126
1471
1182
153
2670
193
72
29
98
1473
99
1383
188
42
174
905
155
742
1364
143
65
29
1357
65
186
1540
949
1722
1165
79
247
72
559
200
2352
704
58
1965
11
1649
1356
158
1623
43
22
24
172
1502
43
959
126
249
1145
83
169
65
1582
561
738
1512
208
214
43
1274
591
16
1158
1514
1172
1218
22
945
1648
1489
1321
1347
105
1553
247
2764
526
1340
612
151
1333
40
79
72
247
989
237
1517
1381
555
97
1133
194
1394
603
22
932
1556
85
344
1605
707
72
1378
621
208
580
1395
156
1136
51
1414
111
11
1288
716
1605
122
830
944
1373
26
1301
905
72
51
1467
1555
158
8
179
1475
1528
601
715
13
11
74
1723
108
147
101
1055
977
165
632
83
178
1512
294
111
93
73
72
218
1108
1309
22
1302
72
1156
22
43
143
86
1355
143
1548
1720
81
642
79
65
80
1548
1434
1517
1188
1512
1007
101
158
1181
160
1798
1467
1563
320
392
93
1363
267
992
79
108
83
1609
327
110
79
36
72
698
1363
791
695
1536
1233
90
86
97
154
29
1776
567
36
129
84
1369
108
8
115
1694
72
72
646
269
1260
392
1529
79
51
1207
9
240
526
8
22
15
1242
79
1695
1238
1577
233
193
791
791
2844
1538
1917
287
792
36
51
795
1065
151
79
1238
547
83
83
67
816
54
1989
215
816
79
572
1191
122
147
900
184
1760
1534
796
43
1558
1454
2819
2802
1984
1285
43
193
247
1612
290
54
1789
322
86
29
43
72
95
43
193
1537
1346
1629
1564
1809
2408
72
1782
144
666
118
67
1236
8
90
96
8
1716
694
808
136
725
2840
65
43
1240
2605
129
72
337
1657
79
1636
165
1695
1679
1454
288
233
87
15
1397
1298
1240
300
93
1843
971
115
746
36
1735
1784
796
67
29
201
2753
18
59
72
216
165
797
1364
205
58
253
51
897
29
2543
347
115
1366
31
39
246
161
1770
1777
151
93
82
892
1800
180
806
58
801
2551
718
999
86
187
72
65
278
79
202
1550
1454
1549
569
93
841
552
43
119
606
165
158
1044
2048
1554
233
152
193
581
77
2456
213
548
683
1556
98
296
108
140
72
158
113
108
1575
1798
65
771
1534
79
2742
67
1434
160
110
898
43
111
58
1427
8
58
8
1542
1471
138
2886
169
604
1474
3008
378
221
1338
97
178
265
43
72
101
198
2016
990
58
899
1800
72
1152
72
1465
51
1343
11
878
43
1473
176
72
796
126
1641
603
949
76
567
1515
198
1950
65
43
926
22
29
301
158
43
1265
442
90
155
684
43
626
51
663
122
1673
2325
1668
348
1376
11
132
519
189
76
129
10
8
1425
2833
29
1599
197
233
86
575
943
1740
479
2029
29
1477
1096
2882
2525
108
909
955
1418
72
7
722
2696
1118
966
183
2277
113
84
183
64
165
15
1240
101
8
152
1423
33
1784
1145
17
1582
1350
108
587
108
939
970
1147
602
984
1175
877
281
158
151
182
10
1868
226
1500
969
159
684
210
2652
188
1635
90
1871
1675
987
79
624
108
29
36
115
421
967
113
8
47
1762
1232
736
444
215
409
1064
101
90
1424
151
737
58
743
93
65
72
2806
272
417
1512
1254
86
2030
186
1094
33
1023
1615
61
210
151
72
1485
562
1012
1731
1490
1674
656
2869
1161
321
352
1853
1821
1731
115
79
101
1062
8
1513
154
151
1717
2424
35
483
1126
379
133
9
2813
1874
29
671
1347
690
625
745
86
1978
2362
1176
844
36
8
79
1559
72
72
1881
964
1172
1149
254
97
1160
2001
193
115
352
995
2361
1088
472
197
1944
458
328
109
129
15
603
1347
1771
649
17
15
154
1081
669
1676
1620
2287
8
816
1191
680
66
2361
1633
1656
314
165
777
1681
728
101
8
1080
1269
115
86
1150
135
65
2060
2041
2436
56
24
65
742
158
1270
2819
41
258
165
143
196
33
1377
86
1770
1367
1716
106
704
67
1150
140
136
458
1634
135
966
1782
862
697
444
9
1640
2327
2513
3452
1202
868
6
101
114
1236
154
359
115
1158
72
1130
614
126
40
2822
1263
245
537
22
2838
1281
108
2851
705
103
177
693
43
2322
1890
562
326
236
1100
65
1702
273
29
108
180
83
734
1789
29
1691
857
972
372
863
58
158
81
1421
1852
1164
143
143
72
1377
1220
1382
916
1837
1923
2278
980
2431
1678
209
290
183
42
111
1076
2250
697
205
139
79
143
1214
111
101
1132
1406
1254
153
1858
720
43
1763
2315
3517
1126
1187
1140
1559
72
1460
153
1404
934
1001
1286
359
215
1487
163
1664
1433
1039
1188
352
1117
2511
317
20
58
272
697
2479
1193
2516
8
1447
1359
1895
93
228
201
58
563
92
1498
208
1410
2012
2411
1863
218
93
1196
101
1306
67
162
1312
2689
36
58
1854
40
1468
131
281
194
1685
161
551
1408
1711
20
193
379
86
285
501
1879
2569
81
115
176
2644
1320
24
1302
1303
42
940
1394
72
214
1903
58
2873
802
230
969
8
2008
638
143
1875
1866
126
104
1199
2016
1803
3764
1259
29
2243
39
613
148
303
83
1711
1506
1499
51
129
42
22
291
756
1314
129
2768
624
688
1270
1335
2047
1697
1016
30
2825
1928
801
79
115
1923
206
726
1971
1313
158
108
1675
1395
160
2888
3774
1218
528
1702
43
262
43
1166
3291
1283
80
2552
165
2480
1080
3278
1985
1230
243
2312
86
276
36
466
235
15
1288
1109
3293
43
1034
97
673
1768
250
1175
193
2943
733
172
143
165
1199
1220
179
29
221
90
3293
2025
702
140
72
3236
123
89
236
11
1240
1741
247
83
1743
902
463
2082
1661
89
72
2785
753
1855
1831
2047
72
2913
435
1826
9
23
1449
2392
119
2182
1691
1839
80
83
86
72
72
1571
208
72
3293
1650
1237
51
3032
206
3154
31
3277
1986
97
111
2031
2867
266
3883
3164
1652
29
224
119
766
1957
208
467
293
86
279
1886
314
11
129
1531
77
118
77
136
359
22
1839
29
722
1308
739
211
133
788
15
29
31
158
2025
974
101
183
43
2868
1919
703
787
129
1946
1989
79
111
230
1445
68
217
13
1962
775
459
1885
329
2068
1117
1627
753
1964
1770
134
1976
1490
1959
81
83
1704
217
1220
8
117
1651
1369
791
193
629
400
2975
172
466
20
1797
1336
96
2252
322
373
3005
789
2232
1276
348
138
54
351
88
3776
39
1971
1850
136
133
983
1600
1953
2001
81
2289
1150
1117
1718
57
1504
222
2798
1749
628
294
43
143
711
1250
126
1723
2238
1328
1330
2799
258
897
29
400
130
263
27
2168
755
67
1325
143
15
2012
36
261
108
1982
320
852
215
2279
2842
2289
220
93
2102
112
466
51
79
193
208
2289
276
168
51
324
2180
162
2797
115
111
114
1661
2989
29
193
95
760
158
402
761
294
42
172
246
263
2312
1925
2224
852
674
1273
95
601
115
2174
778
1257
102
3025
1438
8
1438
751
86
151
1147
1587
721
3891
210
2248
996
31
2093
811
31
2919
125
819
794
8
1136
1015
79
911
1513
65
225
3950
1857
87
101
2870
1801
2222
1372
357
2077
86
36
258
645
2229
143
37
1532
158
1774
2843
1132
172
46
1298
194
165
1021
1341
2285
729
755
6
1207
65
154
933
43
1933
51
1651
848
2257
362
1156
832
15
1517
3006
312
1753
8
1035
3373
390
108
110
29
6
729
49
199
1418
20
72
1472
323
1475
2798
30
1303
38
47
755
143
687
82
158
114
1994
1871
108
15
1646
9
793
1415
936
129
2662
1641
51
8
143
800
132
1921
747
86
1612
2799
1254
108
1211
17
2777
1889
1377
2787
8
79
2006
1222
29
328
1418
665
711
2266
451
143
109
951
126
2570
236
1433
620
455
1515
456
2145
2754
9
2726
2524
15
813
383
856
194
1409
782
160
132
1987
218
201
86
1514
1563
2714
201
857
865
143
483
737
1678
43
376
1283
65
137
1239
1728
2152
2188
1408
1003
87
1291
215
2085
72
1375
353
2283
179
2303
83
1421
72
1030
1991
2361
1242
788
941
2836
894
185
111
1168
166
108
1358
1296
1733
79
2786
1152
1557
115
3256
15
2754
1736
174
2576
1651
151
408
1290
72
1246
1179
2070
158
1531
2070
111
1189
1986
109
730
158
2169
1108
3148
79
51
61
260
2695
1348
165
1136
2008
101
65
279
1234
1734
1242
2912
2867
273
143
3131
384
1299
785
303
1710
2920
120
158
1329
1758
459
79
51
197
1765
761
29
1762
1341
2379
855
1354
494
1177
215
13
1383
644
1279
208
208
2101
1101
2571
785
201
127
312
3322
2290
142
1200
313
65
781
1220
1710
549
1785
1983
1183
3167
3975
172
1389
194
593
51
2036
258
82
34
1739
1807
3272
370
215
83
1906
803
143
97
272
825
68
491
207
1576
230
193
2285
162
76
1215
20
1710
3323
151
1404
320
111
1259
1420
1432
809
2561
65
2655
1219
3146
115
3321
1189
122
301
182
852
72
2016
1205
344
1632
1739
3323
2989
8
930
1689
206
1150
40
43
1727
3018
99
1700
109
1100
1740
151
2429
1936
1818
333
179
708
1949
158
65
2143
880
29
1114
2026
1031
1469
401
2111
196
29
1799
2584
819
3172
879
2320
1216
2570
1858
2869
122
102
83
145
2075
183
1024
1985
132
2155
346
146
2584
84
115
3308
1907
65
1856
230
1700
2765
55
193
437
900
58
1858
22
1230
1062
1973
398
70
2430
143
1718
240
1738
1935
79
2079
1195
121
490
148
1953
1258
155
90
172
1945
43
183
2031
203
1408
29
2859
1698
3928
72
72
894
1311
2868
11
412
1851
415
126
2868
542
1398
1257
712
221
2391
723
96
2715
1959
1782
2184
96
3355
2578
1258
1326
1354
86
1556
1082
58
233
1087
2795
253
2205
29
1805
149
216
266
971
905
58
45
925
2193
2206
1971
925
1085
2024
1623
115
87
10
293
1523
1590
1708
96
133
1256
1557
151
8
179
1816
51
642
43
1690
81
491
1895
1082
186
79
1968
197
79
1696
52
117
151
243
1761
72
1910
2040
2792
129
11
184
127
3434
1532
1827
51
115
304
1581
728
913
1114
728
1517
483
36
1583
3170
822
266
1818
918
805
3428
2349
26
213
2258
1332
1335
72
111
2311
1205
2002
1749
26
86
194
1632
8
143
1923
673
3371
1932
265
1775
2013
906
2656
183
2418
1855
398
1774
877
2080
210
1349
1527
174
1907
221
80
451
916
1358
1630
109
3152
924
483
108
744
1953
1587
1408
1473
1574
155
1383
171
29
1994
1131
72
273
72
74
3439
2007
186
1946
158
2067
1135
430
143
1362
969
1702
113
750
2214
709
115
1584
225
1773
1376
79
2055
1827
72
168
180
43
441
748
523
810
3428
1423
1968
3131
1256
842
2083
1790
79
290
2521
1416
458
1338
1178
272
58
115
1187
587
492
29
943
364
1128
1321
3206
1167
580
179
242
607
1950
29
43
179
1966
580
2636
43
2035
1293
141
117
1944
238
2008
40
96
1320
272
8
1729
1845
1365
1777
1299
2554
1324
11
385
373
1910
81
1527
1059
191
447
725
2070
874
1848
960
366
