208
276
165
115
1460
245
29
1100
129
2048
58
274
937
144
78
851
781
146
1303
558
72
66
514
188
407
97
554
1271
143
23
1464
1193
593
86
558
72
183
1272
2053
587
98
111
101
15
161
429
671
136
1502
99
1353
11
136
108
700
700
593
779
1524
1320
245
929
173
8
99
969
1510
1358
6
695
617
193
39
165
509
43
709
612
491
33
1159
15
619
1349
93
80
166
2060
87
630
734
959
1194
29
111
953
1167
111
203
12
1009
190
359
65
86
228
847
188
43
1569
110
1363
54
187
51
143
83
847
287
1350
2071
172
65
129
143
106
1540
58
1181
1732
213
8
300
127
344
1463
602
43
215
1040
633
992
437
138
1462
65
22
374
90
15
93
635
126
1409
952
136
2347
193
72
29
1513
1442
96
1419
186
40
172
1005
133
651
1186
143
65
29
881
65
186
1200
756
1602
1056
79
243
77
583
201
2151
736
58
1107
11
1006
886
158
1582
43
16
24
101
1025
43
765
120
243
540
84
170
65
1639
599
276
281
208
197
44
1357
627
16
1109
1485
1007
946
22
661
1020
1530
1408
1043
107
1036
156
2351
516
1408
648
140
1403
40
79
72
685
1065
197
1036
1120
482
93
838
173
1470
647
26
790
115
83
344
172
749
72
1120
698
208
546
1559
151
1037
51
1560
111
11
1046
790
165
122
729
842
1121
32
1138
108
72
51
677
200
158
8
179
1452
1537
686
800
12
11
72
248
108
139
101
1037
791
165
707
80
172
1469
254
111
93
72
72
198
1097
1048
22
1163
72
583
22
43
143
86
1164
143
1133
1507
80
618
79
65
79
1174
1139
1554
910
1463
905
101
91
1171
156
992
1140
1537
182
170
96
1070
343
1036
83
108
83
1551
317
108
79
36
72
714
1094
211
274
1571
1070
94
86
80
156
29
1730
529
36
129
86
1201
108
8
115
1713
72
72
685
148
1075
172
1581
79
51
1198
8
786
173
8
22
15
1216
80
1722
1275
1563
210
193
841
843
2254
1375
2231
278
885
36
51
884
966
151
79
1159
545
83
83
51
665
54
1421
201
671
73
526
1179
122
130
726
166
1134
1546
884
43
1462
1290
2175
2628
1195
1176
43
177
1309
1589
204
55
1794
167
1145
29
43
72
95
43
496
1475
1218
1707
1484
1249
2227
72
1253
77
750
93
62
1203
8
1165
63
8
1715
779
895
136
809
2267
65
43
1914
2241
129
72
201
1738
79
1640
165
1527
344
1371
160
216
90
15
1391
1216
1390
301
93
1784
796
115
798
36
1489
1669
848
69
29
182
2267
17
58
72
187
165
889
986
171
58
214
51
860
29
2180
370
115
1326
31
47
207
163
1801
1515
151
93
98
975
1834
113
893
58
885
2234
745
521
86
189
72
65
240
78
201
1429
1289
1327
211
93
1040
506
43
122
286
146
120
1237
1651
1423
233
143
193
538
65
2230
202
1105
655
1430
93
974
108
140
72
158
111
108
1454
1845
65
891
558
79
2247
66
1359
166
103
944
43
111
58
1351
8
58
9
1370
1350
130
2684
159
310
1478
2816
233
182
1267
89
156
189
43
72
93
201
1846
1021
58
924
1729
72
1060
72
1468
51
1243
11
934
43
1370
173
72
863
1531
1524
479
126
51
511
1386
204
1854
65
45
977
22
29
301
158
43
1277
438
82
151
518
43
602
51
264
122
1423
1457
1594
303
1287
11
1561
279
99
76
129
8
8
975
1525
29
101
176
233
86
647
992
1733
178
1289
29
1485
1108
2421
2264
108
978
155
1570
72
8
552
2392
289
1024
161
1417
111
89
149
71
154
15
1134
97
8
152
1579
33
1005
1081
17
1417
1281
108
411
104
981
1014
1014
580
1032
1147
1160
214
91
151
182
8
1915
222
1502
156
158
657
183
2326
826
1434
90
1950
1533
1020
79
98
108
29
36
115
1015
995
111
8
43
1143
1528
163
644
165
243
715
101
90
1234
151
728
58
167
87
65
72
2346
272
302
973
1248
86
1115
147
1124
33
1078
1431
57
213
151
72
1532
322
1065
1706
1557
1501
533
1329
1143
220
297
1999
1000
1588
111
79
101
1102
8
926
154
101
1710
2290
35
244
1100
382
70
9
2298
1970
29
535
1264
490
603
728
86
720
1625
1215
644
36
8
79
1646
72
72
1979
596
230
1115
251
97
648
1083
193
115
194
90
2212
1123
673
193
1979
364
308
100
154
15
578
1400
1016
226
38
15
154
1077
169
1461
1609
1970
8
298
1225
508
62
2215
2062
1668
314
165
1605
1668
552
101
8
1084
1487
113
86
247
121
65
517
2017
1617
57
22
65
126
139
1576
1221
45
129
165
143
196
33
1536
79
1045
1268
1685
92
223
73
1045
132
136
460
2060
135
379
1810
1061
530
243
9
1764
2097
1546
2368
1583
1069
6
97
111
193
117
466
115
1126
72
994
617
151
40
1987
1114
1531
223
22
2449
690
108
2462
239
101
80
527
43
2053
1276
400
185
261
1413
65
135
297
29
108
1038
83
551
1623
29
1762
501
634
903
282
58
158
1593
1239
1827
1128
128
143
72
1287
1261
1152
360
1047
1129
2309
924
2293
1237
217
290
143
29
111
550
2280
537
108
129
75
133
1041
108
101
1505
1514
1290
145
1649
712
43
1794
2321
2421
1150
1537
1165
2310
72
1689
145
1285
573
1078
1316
359
220
1529
169
1490
1236
1006
236
210
1065
2308
201
16
58
95
535
2003
1780
2309
8
2315
1393
1387
93
193
201
58
122
86
1389
191
1088
1934
2348
1648
222
93
126
101
1093
104
158
1096
2473
36
58
1789
40
1216
95
245
226
1758
125
277
1129
1745
15
193
226
86
315
234
1854
2343
85
115
158
2275
1108
17
1166
1365
31
571
1508
63
183
1800
58
2545
893
226
1275
8
1939
253
143
1814
1831
112
104
641
1819
1489
2607
1158
29
2293
42
686
140
239
83
1749
154
1388
51
115
23
22
148
135
1372
103
2434
533
533
1297
787
1965
1671
1065
24
2507
1747
253
79
111
1911
849
689
1913
1340
158
108
1573
1388
151
2570
1084
1273
466
1666
43
143
43
860
2899
1311
79
2345
142
2276
1686
2666
1804
1740
193
1625
76
193
36
240
86
15
1188
1046
2898
35
578
80
719
1199
240
1122
174
2025
224
172
143
165
1241
1244
179
29
186
90
2897
1941
139
128
72
2684
108
88
1288
11
1273
1395
236
83
1757
865
463
2026
1559
88
72
2542
173
1708
1880
1865
72
2668
251
1517
9
16
1084
2298
116
511
914
1796
83
70
86
72
72
1095
208
72
2368
1109
1266
51
2463
201
2593
20
2564
326
81
111
1562
2289
253
2420
2526
1123
29
213
119
246
1815
208
359
198
88
178
946
288
11
129
522
72
108
72
136
336
22
1803
29
190
1199
540
211
117
1815
8
29
22
158
1962
740
101
183
43
2316
1692
194
256
129
1815
1694
79
103
193
1081
68
996
12
705
576
80
1912
207
120
874
1484
548
1903
1788
110
1846
1271
308
79
83
1115
997
1577
8
108
1430
902
144
193
160
218
1845
172
466
12
1846
908
79
2255
219
338
1846
247
1718
1303
312
138
42
286
93
2421
46
1837
2018
136
131
186
1920
1857
246
80
2374
912
705
253
27
1408
222
2563
1900
97
1830
43
143
652
1381
108
1746
1731
146
146
1120
208
260
29
254
131
163
22
1739
542
73
1264
143
15
964
36
243
108
1900
279
1167
215
911
2228
1173
191
95
2029
112
466
43
79
224
208
1214
199
174
51
273
1740
158
1868
84
111
114
1566
2202
31
193
105
544
158
346
627
340
40
139
249
260
1801
1353
1247
1907
591
1074
96
901
96
2109
626
931
109
2896
1373
10
1077
202
86
151
964
1316
649
2272
226
1409
319
26
1974
653
37
1793
115
671
644
8
936
160
75
805
1259
65
225
2827
1863
96
1572
1884
2245
1228
1255
319
1162
86
36
208
1061
1959
143
41
1200
158
1736
2785
699
172
46
1773
202
165
297
1151
1616
559
1052
6
2469
65
154
508
61
1221
51
1384
546
2032
337
1085
1894
15
955
2231
154
1724
8
955
2361
341
143
83
29
6
295
36
139
1164
17
72
1671
403
1137
2383
22
2475
26
45
151
143
676
82
158
90
1154
1888
108
16
1337
10
651
655
118
129
2367
362
51
8
143
653
122
1894
692
88
1337
2830
1013
109
983
17
2133
1902
1261
2277
8
79
1168
1074
29
262
1307
1915
273
2065
2046
143
110
1985
126
2524
229
1255
594
160
1292
451
2429
2786
8
2515
2213
15
344
183
665
74
1156
103
148
123
1875
208
180
93
1518
1568
2744
88
687
355
143
355
384
516
43
345
2601
65
136
1040
1687
3209
1914
1156
656
88
1026
218
2077
72
155
1301
1994
166
2426
83
209
72
958
1733
1968
447
1994
117
2829
758
154
111
1038
154
108
1269
1059
1700
79
2295
740
2622
49
2804
17
2312
1378
161
2312
1737
145
380
1816
72
903
1073
1968
143
1516
1973
117
1072
3193
110
237
124
2178
1082
2255
79
51
61
83
2465
597
165
2550
1951
112
65
1565
1232
1536
1099
2632
2471
256
143
3192
80
1154
83
259
2440
2712
115
158
1213
1912
176
73
51
197
1712
690
29
1761
1218
2373
137
1225
378
696
215
8
1187
364
1989
208
208
2291
811
2462
743
201
124
287
3193
2060
140
1106
199
65
699
1077
458
353
1929
1966
288
2037
2865
192
1261
137
390
51
2494
258
79
28
1561
1335
2864
1962
218
83
1430
85
682
80
1591
194
68
1995
177
1552
222
137
1908
166
151
1120
16
1572
2877
143
447
268
105
1254
1197
1227
298
2463
65
1465
1486
2109
658
3193
1079
115
301
171
126
72
1655
1189
341
1393
1241
3191
2723
8
184
284
479
92
40
33
1581
2730
86
1654
108
2738
1335
140
2221
1792
1970
115
179
138
479
158
65
2598
194
29
805
1839
380
1219
221
1901
283
29
1821
2565
650
2302
277
122
1110
2639
1750
2562
122
92
83
136
1740
188
628
1565
122
2273
188
149
2564
80
115
3166
1159
65
2721
229
1657
2571
55
193
290
378
58
2359
22
782
308
1198
362
65
2331
143
1383
93
1515
1791
79
1879
877
88
1626
122
1789
818
246
95
172
1375
