2061
30
945
115
80
444
172
1142
72
1537
1267
208
704
1724
467
1208
101
1731
111
11
1931
1976
165
122
924
1034
1521
32
1496
874
72
51
1051
207
160
8
185
1693
1746
1866
1165
16
11
76
1871
108
174
101
1800
1924
165
1269
86
193
2147
497
111
93
76
72
229
1256
1451
24
1495
72
1142
26
43
143
86
1334
143
1567
1815
97
726
80
65
81
1571
1547
1722
1462
1717
1096
101
158
1405
152
2197
1549
2186
322
653
90
2075
1775
1033
82
108
85
1585
737
124
80
36
72
2070
1606
1049
1782
1729
2015
110
86
661
174
29
1753
1315
36
129
86
2150
108
8
115
1939
72
72
926
796
2024
705
2156
83
51
1453
15
254
919
8
22
15
1468
85
1951
1319
2029
287
193
1163
1167
2547
2191
2445
324
1171
36
51
1171
1176
151
83
1473
959
83
83
67
1996
57
2690
215
843
73
696
1169
122
138
1429
369
1924
1809
1170
43
2217
1434
2559
2642
2271
1478
43
279
991
1798
329
39
1929
810
86
29
43
72
638
43
664
2211
118
1591
2212
1472
3016
72
1740
669
656
622
96
1212
8
86
682
8
1866
1062
1183
136
1279
2569
65
43
2799
1791
129
72
854
1756
79
1726
165
2416
1726
143
718
1895
86
15
1339
1476
1338
1111
93
1908
1500
115
719
36
1788
1707
1353
52
29
255
3227
21
210
72
322
165
1353
1841
226
58
264
51
1055
29
2576
1403
115
1744
33
31
271
226
1738
1829
155
93
74
873
1775
716
1454
58
2297
2680
1246
1825
86
214
72
65
644
78
203
2170
1479
1574
989
93
1086
689
43
119
1105
229
888
1551
1796
2134
233
562
193
719
104
2492
239
1060
782
2136
104
1051
108
140
72
158
119
134
1734
1785
65
751
2229
79
2514
67
1769
174
103
1468
43
111
58
1849
10
58
10
1668
1541
158
2707
194
1119
1363
2811
1479
246
1502
84
735
246
43
72
117
198
2197
885
58
1269
1756
72
1291
72
1350
51
1412
11
842
43
1544
175
72
785
1529
1818
970
989
76
689
1553
198
1822
69
43
1541
24
31
301
158
43
1577
821
77
158
1071
43
733
51
1103
122
1680
2834
2870
1151
1533
11
1568
1405
691
70
129
8
8
1947
1834
29
101
258
280
86
682
1547
1913
849
1733
29
1376
2209
2693
2742
108
856
1446
1589
72
11
1140
2838
291
1540
231
2672
116
81
233
59
154
15
1092
100
8
407
1599
33
2227
1358
12
1606
1558
108
1025
101
917
1340
1844
746
1543
1392
1180
762
161
151
182
8
2813
232
1542
1452
158
733
549
2677
183
1650
90
2836
2075
1341
79
731
2082
29
36
115
1264
936
122
8
51
1705
2272
774
644
315
383
1230
102
90
1298
151
832
58
783
108
69
74
2635
272
1149
1964
1332
86
1881
212
1066
108
1548
1645
66
210
151
72
1540
547
1342
1908
1547
1745
763
1859
1318
976
502
2050
2257
2013
111
79
101
1636
8
1543
154
151
1911
3313
36
769
1283
1894
210
14
2929
2015
29
764
1359
730
775
855
86
1838
2001
1478
1805
36
8
80
1639
72
72
2055
1129
1146
1292
550
101
1137
2101
193
115
709
1160
2576
1638
673
313
1954
149
408
114
208
15
306
1646
1817
1007
15
15
154
1098
778
1705
1682
2130
8
1223
1549
746
139
2049
1912
1643
1898
165
2089
1648
784
101
10
1678
1647
126
86
1253
116
65
1819
2194
2828
56
28
65
118
222
1234
1859
48
401
165
143
196
34
1695
86
1943
1374
1782
903
1105
71
1134
147
136
2008
1910
68
1256
1484
1197
756
744
21
1867
2323
1955
2778
1551
1253
7
105
138
1193
233
1065
115
1311
72
1217
768
206
43
2025
1334
1744
926
22
2896
1348
108
2898
1131
133
1224
752
43
2042
1992
1032
1399
466
1468
65
1820
275
29
111
926
83
1201
2076
29
1881
1236
1340
915
1248
58
158
1766
1413
2043
1364
142
143
72
1427
1587
1934
1218
2221
1100
2373
994
2719
1285
220
498
168
750
111
1133
2345
201
1271
146
75
151
1299
108
109
2238
2242
1641
164
2078
2057
43
1926
2407
2346
1117
2244
1130
1844
72
2110
155
1443
941
1111
1744
945
220
2238
562
1788
1415
1168
1835
723
1125
2765
966
15
58
1101
754
3232
2242
2765
9
1573
1480
2029
93
308
201
58
994
110
1367
311
2036
2092
2478
1956
226
93
1835
101
1404
62
158
1432
2889
36
58
1892
40
2245
142
601
194
1789
225
837
1559
1830
22
193
1071
86
769
787
2141
2769
97
115
493
2760
1447
28
1410
1751
750
1199
1505
69
775
2004
58
2884
1003
222
1328
8
2023
846
143
1966
2126
143
93
1142
2141
1969
3757
1373
29
1830
42
769
153
991
89
1845
819
1410
51
157
36
22
285
85
1755
118
2774
577
783
1181
1398
1950
1803
966
800
2834
2051
787
79
122
2170
226
1140
2171
1811
158
108
2155
1453
589
2929
2991
1846
1121
1972
43
262
43
1129
3103
1696
80
2691
154
2639
2004
3961
2123
1842
168
2071
73
726
36
466
1417
15
1387
1210
3103
41
1339
92
1158
1930
252
1123
193
3254
1642
172
143
1231
1672
1723
181
29
301
91
3135
2011
792
134
72
3978
131
111
1846
11
1328
2112
244
83
2037
1537
1063
2128
1678
94
72
2975
143
2020
1206
2226
72
2804
988
2031
8
26
2032
2137
119
2334
1943
1905
85
83
86
72
72
1962
208
72
3145
1969
1650
51
2991
209
3096
793
1714
1860
1064
1824
2075
2706
279
3990
1663
1970
29
235
151
755
2080
209
1069
2031
185
410
1019
300
11
129
2303
72
118
72
136
918
22
587
29
1193
1468
796
211
120
1868
17
31
50
158
2203
970
101
183
43
2032
1987
2026
1265
130
2076
2472
79
137
726
2033
68
226
17
1031
827
81
2366
956
756
1113
1735
797
2024
2251
481
2099
1544
1039
173
83
1985
220
1425
8
126
2088
304
844
193
1101
784
3419
218
466
86
1922
1136
96
2208
726
1825
3499
1912
1827
1718
1438
138
67
656
103
2807
42
2089
2148
136
145
762
1903
2079
1975
601
3143
998
1237
621
821
1445
1860
2792
2707
1134
439
43
143
1179
2036
151
2119
4713
154
165
2000
1132
1206
29
954
136
653
32
4720
817
58
1391
152
15
1272
36
296
655
2107
875
1275
219
1613
2494
673
246
154
2158
143
466
43
79
193
212
2139
1203
196
51
783
4751
159
2032
96
111
140
1676
2118
31
196
93
205
158
1616
224
682
40
222
2146
637
4849
2003
2145
2069
1221
1889
154
1037
96
2317
86
1322
95
3137
1893
13
1919
790
86
151
2021
2100
1176
3057
202
2703
925
43
2168
143
29
4184
132
143
86
8
1295
768
75
1076
1934
65
246
3159
1323
90
1662
4278
2259
442
1507
899
1837
86
36
408
1142
2146
143
31
2034
158
2281
2622
1341
172
46
1727
191
165
748
243
2410
1280
761
6
1387
65
154
1352
22
1966
51
2065
1372
2272
1467
1139
1816
15
1422
2138
1014
1947
8
1018
3407
902
88
158
29
6
817
49
251
2241
55
72
1521
726
1154
2468
52
1458
51
43
1317
143
807
82
158
217
298
2716
110
15
1344
8
1186
1552
1358
129
172
1676
51
8
143
1186
132
2358
741
90
1484
3566
2098
109
1318
22
2621
1948
1533
2184
8
79
315
1694
29
468
1428
1483
714
3257
1577
143
108
2021
131
3243
613
1585
666
354
309
1126
2330
2688
9
1857
2651
63
1013
684
1503
118
2019
764
171
138
2146
249
217
88
272
1596
2656
201
231
825
143
916
1333
2406
43
808
1447
65
137
1957
1854
1927
1638
2035
1354
86
2075
228
2306
72
1034
816
654
211
2016
83
1222
72
1017
884
2224
1408
874
1387
2743
101
694
111
1347
187
108
2367
1423
1763
79
2469
1205
1486
174
1233
16
3244
2013
560
2979
1779
183
1606
2206
72
1380
2196
2257
1127
315
2259
151
1237
2019
109
765
178
2315
1413
2165
79
51
61
1407
2250
1642
175
1880
2697
91
65
465
1243
2028
597
2661
2729
277
143
3178
1433
680
1194
287
2663
2696
126
158
2065
2180
1294
183
51
200
1884
791
29
1719
1427
2474
159
2676
1615
1202
404
15
1448
1924
2257
208
234
3240
1213
2703
262
236
440
500
3439
628
149
1401
465
70
794
1638
1845
1528
2190
1971
723
1833
2628
158
1576
474
1267
51
2074
1537
99
31
2028
2077
2661
562
235
83
2022
1218
143
122
273
902
68
1706
501
1610
233
473
81
158
38
1309
18
1085
2824
159
1510
490
105
1715
1488
2299
654
1896
65
913
1277
1676
115
3448
1182
136
301
747
183
66
2244
1661
769
1614
1874
3448
2666
8
1233
1807
585
140
40
36
2136
1660
116
1340
108
1444
1989
346
2248
1506
2253
478
179
733
777
158
65
2200
1222
29
1347
1325
151
1542
701
1986
709
29
2218
2665
1031
2515
672
785
1293
2719
2858
721
129
278
83
154
1869
183
501
2223
471
2407
559
146
2670
80
177
3396
350
65
1908
796
1353
2777
61
213
1119
673
66
3016
22
1184
1296
2673
1610
77
2491
143
2612
762
2005
1504
79
1803
1432
128
1715
662
1541
1215
93
90
172
2228
43
183
2109
147
2611
29
2675
1405
2696
72
72
778
729
3695
11
1061
1803
559
101
3743
1703
1621
1821
712
558
2349
1274
89
1740
1553
1843
2932
89
3199
764
1821
1417
1357
467
1641
1070
58
118
1592
1659
279
1675
29
1982
117
684
456
1321
780
58
52
1220
1667
1985
2006
1014
1435
2160
1726
118
732
15
884
2033
1592
2154
89
133
1212
1640
61
8
1359
701
51
378
45
1479
81
1507
2077
1832
190
79
2455
205
79
1486
43
101
172
246
1499
72
900
2296
1329
559
11
1358
143
1994
1593
2314
51
127
310
2192
737
984
1115
744
1621
339
36
3559
1907
835
342
2003
1727
761
3262
2199
101
397
2944
1367
1349
72
111
2078
520
2429
1820
130
86
1358
106
8
143
3150
1170
3196
1961
483
2281
3344
2156
2755
183
2103
2299
1832
1531
1355
2049
235
842
2119
180
1888
263
886
611
484
2035
2435
109
882
658
415
139
1274
2008
1235
1800
1721
2164
172
733
175
29
505
1955
72
491
72
61
2013
2536
188
1907
158
2289
158
843
101
1699
2051
1551
252
1343
3297
746
496
1401
232
2287
943
79
2051
2352
72
176
125
43
1685
789
760
787
1863
2393
2470
2582
1381
1496
1159
2175
79
470
2149
2096
609
1353
1406
458
58
132
1282
1030
532
29
697
380
2596
2135
3309
2378
1698
171
1425
2152
2010
29
43
185
2380
1702
2011
43
2506
1937
145
226
403
355
1390
116
87
1274
2080
8
2188
2637
1373
2305
1846
2150
1304
11
535
1628
823
81
1584
1547
105
1111
2542
2315
874
2052
2438
1629
2154
265
2550
1729
1937
2199
192
1359
215
1104
160
118
525
3390
48
2158
143
2314
2011
154
617
2460
2280
2668
3130
901
109
1361
258
1628
1983
29
409
65
140
1508
2050
535
2016
593
2695
1385
1599
2129
116
1570
143
65
61
2102
208
588
479
22
185
139
133
1599
701
790
173
1305
2219
1518
274
43
2814
1543
2645
51
1305
115
356
143
827
666
248
471
2316
22
1379
229
1703
51
3348
101
1742
2251
791
1935
79
2439
1757
2061
132
2484
2062
2388
1756
62
11
272
596
439
1475
1042
2761
3082
2541
1651
2029
742
1305
1104
1056
79
190
1784
1004
1461
2727
89
1574
173
2015
81
1019
172
1812
1662
968
2218
146
2607
2192
441
2342
1372
782
838
1369
72
1340
2012
43
1090
964
2223
148
172
594
1317
402
1864
2227
194
1085
122
2648
173
600
115
1592
80
4531
1290
3828
1599
643
172
2146
1717
4510
101
1769
1109
737
1610
4543
1027
1783
2038
1086
742
43
1277
1757
158
2326
1376
607
58
127
1817
2041
101
1785
63
166
1498
79
210
546
1498
173
2558
83
51
258
171
158
1486
29
1488
29
1891
172
43
1305
2327
780
258
3963
29
1598
588
1603
3603
90
4128
11
172
897
2515
229
371
72
81
2059
79
2106
1810
1424
112
72
591
2450
2057
111
760
1383
151
2775
1671
2054
4512
1977
823
2818
1299
162
2590
172
2465
519
684
81
1456
632
129
1581
1668
2114
320
2265
1409
205
1111
2592
62
2316
2589
40
601
172
229
115
614
229
1438
16
1088
3621
1082
165
989
1025
1689
2602
170
2477
1230
2491
2424
1439
1555
1218
148
1957
1949
129
710
1637
168
2339
172
1443
2253
2617
101
1292
2110
1785
2159
86
220
2138
2132
15
286
3233
3939
178
591
1687
1777
251
1472
2083
620
1990
2392
1869
2175
2256
1367
999
3064
3035
177
1810
179
1858
541
2807
395
699
272
2904
2800
1273
756
3142
2396
1098
651
1149
115
719
251
101
1977
3009
1303
415
715
1144
2109
72
2261
1170
183
1010
1663
1656
140
135
168
2158
2036
350
2209
146
2057
3227
2910
134
1184
2183
214
2866
1386
29
1352
2223
2298
1582
2379
205
1827
4563
5119
3099
2306
1691
2655
262
3099
2439
121
154
2269
4421
115
2819
3648
3765
115
1152
182
1780
192
166
1877
3039
194
1808
276
2503
548
247
2144
3035
1687
1880
2602
2634
101
671
757
