178
58
108
265
180
33
255
216
101
180
122
172
13
184
130
259
243
142
71
172
40
115
29
179
93
95
79
93
52
143
115
143
273
115
229
143
71
128
66
35
279
211
179
79
158
177
186
186
115
130
8
229
172
15
135
71
43
136
115
43
8
179
243
236
232
145
243
143
29
8
151
213
56
136
117
29
211
208
149
58
229
201
72
201
149
108
181
43
201
72
79
142
151
149
92
158
251
208
116
292
86
115
126
8
93
65
96
122
136
98
186
227
51
126
86
309
149
192
209
129
108
115
287
43
222
41
172
89
112
215
203
236
286
65
178
166
169
265
158
237
201
79
108
37
201
123
72
129
147
143
129
186
43
158
168
79
36
48
100
172
108
222
86
186
29
14
108
29
115
208
129
108
65
165
193
51
212
229
58
115
173
101
101
143
72
86
201
85
51
78
86
79
86
172
230
135
85
129
101
64
15
49
158
85
158
129
284
215
81
314
171
215
186
43
11
22
183
86
296
65
208
179
72
72
101
199
101
201
122
86
265
122
161
111
8
86
38
35
151
212
143
218
12
301
226
236
206
265
72
71
143
213
206
115
208
79
29
86
158
211
86
167
90
172
29
99
215
67
101
205
179
148
108
72
87
8
190
122
11
41
154
72
119
141
86
243
8
93
72
58
92
92
122
255
143
33
86
186
229
186
164
243
186
101
124
56
232
187
72
108
172
8
79
43
143
215
71
158
154
186
72
195
201
44
79
157
93
115
110
152
58
179
149
15
151
40
301
86
221
8
172
229
240
17
143
163
215
142
215
43
195
79
79
115
237
85
151
83
86
301
29
8
41
143
136
201
65
194
69
122
229
98
222
108
29
72
192
151
8
143
72
168
41
273
180
58
59
186
229
43
72
120
122
97
95
92
228
235
201
79
29
79
98
21
15
272
43
79
29
15
215
208
142
136
22
150
158
158
79
82
83
229
51
13
292
79
43
301
28
35
136
29
122
229
163
49
129
151
165
159
42
236
214
15
79
93
186
72
8
154
201
15
265
72
186
238
108
102
136
79
78
172
151
90
265
258
229
95
143
221
186
92
96
236
273
79
108
8
51
122
158
8
257
222
195
136
33
65
93
69
298
28
165
183
129
72
34
29
158
135
