86
115
132
8
93
65
168
122
136
98
186
240
51
250
86
405
153
480
303
129
108
115
428
43
222
41
172
258
112
215
226
238
286
65
368
305
189
265
158
236
286
79
108
35
215
136
72
129
143
143
129
187
43
158
283
79
35
130
260
172
126
222
86
186
29
14
108
29
115
208
129
108
65
165
290
51
313
229
58
115
190
101
101
143
72
86
201
86
51
78
86
79
87
172
407
223
86
223
101
63
15
49
158
85
158
129
418
215
79
308
165
216
186
43
11
22
183
86
307
65
208
179
76
72
101
520
101
295
122
86
274
122
161
111
8
86
36
35
155
345
143
215
12
301
642
236
310
265
74
71
143
314
212
115
311
79
29
86
158
222
86
172
278
172
29
100
579
69
102
294
179
157
108
72
104
8
201
122
11
41
154
72
136
143
86
359
8
93
72
58
92
92
122
707
143
33
86
188
229
186
173
466
186
101
122
108
409
186
72
108
197
8
79
43
143
215
71
158
154
186
269
718
201
65
79
168
93
115
115
158
93
151
159
15
151
80
301
86
389
8
172
325
377
17
143
168
215
151
217
43
728
103
79
115
237
85
153
83
86
521
29
8
41
143
136
201
65
375
69
122
639
99
321
108
29
72
192
151
8
143
72
186
44
500
753
58
72
186
229
43
72
136
129
93
116
92
321
245
201
79
29
79
102
21
15
272
43
79
29
15
215
208
142
136
22
160
174
158
79
97
83
229
51
13
897
79
43
301
28
35
136
29
122
657
261
49
129
151
165
158
42
236
224
15
79
93
187
72
8
154
668
17
288
72
186
387
108
113
136
79
82
172
151
90
375
435
229
116
143
221
624
94
103
237
488
79
108
8
51
122
158
8
337
222
342
136
33
63
112
69
352
28
307
184
172
109
34
29
158
152
222
111
86
135
201
69
673
323
68
158
99
8
877
179
451
31
15
158
60
408
65
186
287
193
101
151
93
11
188
224
202
242
405
115
43
129
43
29
122
179
108
79
116
72
158
243
188
151
119
65
152
128
143
397
154
179
250
151
29
116
242
195
86
122
43
101
220
129
38
307
172
143
72
72
58
143
210
51
72
8
527
83
255
79
55
144
22
72
72
99
143
158
276
172
101
238
72
266
122
108
129
1064
15
65
464
511
172
265
432
356
63
8
366
83
28
542
183
872
108
151
236
112
193
222
208
108
317
19
234
172
465
43
79
206
33
172
8
333
86
470
513
670
272
62
108
146
129
98
293
86
169
79
97
126
453
222
108
196
179
222
79
61
222
97
222
232
99
21
158
8
79
373
536
136
136
79
100
116
151
141
51
306
464
23
29
459
43
93
172
465
8
172
54
79
172
35
12
258
212
14
174
470
306
53
344
514
455
51
72
8
224
215
469
133
126
43
8
129
946
93
115
79
129
222
118
335
220
68
201
79
72
74
310
79
115
136
245
72
151
393
6
36
243
85
79
541
79
251
99
218
201
461
165
72
797
101
29
116
129
178
58
99
131
53
78
548
395
55
483
143
72
62
87
186
108
79
393
152
115
22
551
549
92
86
158
72
183
528
178
145
90
111
61
15
115
209
462
129
569
93
